epoch:0 0.2814  0.6396  0.1924  0.1588  0.2175  0.3081  0.2963  0.4628  0.4813  0.3308  0.4265  0.5041  0.7011  0.010000
epoch:1 0.4014  0.7313  0.4037  0.2121  0.3227  0.4355  0.3818  0.5692  0.5860  0.4117  0.5444  0.6069  0.3823  0.010000
epoch:2 0.4275  0.7857  0.4235  0.2152  0.3630  0.4619  0.3930  0.5641  0.5778  0.3716  0.5055  0.6066  0.3177  0.010000
epoch:3 0.4848  0.8196  0.5249  0.2441  0.4116  0.5178  0.4196  0.6065  0.6204  0.3630  0.5771  0.6454  0.2535  0.003300
epoch:4 0.5026  0.8194  0.5516  0.2498  0.4062  0.5429  0.4367  0.6260  0.6389  0.4108  0.5729  0.6665  0.2296  0.003300
epoch:5 0.4978  0.8196  0.5417  0.2355  0.4089  0.5375  0.4280  0.6141  0.6256  0.3815  0.5586  0.6570  0.2160  0.003300
epoch:6 0.5146  0.8226  0.5762  0.2571  0.4260  0.5534  0.4409  0.6280  0.6389  0.3744  0.5684  0.6707  0.1926  0.001089
epoch:7 0.5198  0.8250  0.5797  0.2610  0.4304  0.5589  0.4439  0.6326  0.6440  0.4207  0.5779  0.6742  0.1879  0.001089
epoch:8 0.5178  0.8266  0.5725  0.2557  0.4300  0.5577  0.4464  0.6288  0.6395  0.3626  0.5652  0.6721  0.1841  0.001089
epoch:9 0.5195  0.8244  0.5751  0.2599  0.4198  0.5608  0.4470  0.6279  0.6374  0.3677  0.5540  0.6719  0.1775  0.000359
epoch:10 0.5201  0.8261  0.5762  0.2465  0.4160  0.5613  0.4434  0.6283  0.6379  0.3733  0.5615  0.6707  0.1753  0.000359
epoch:11 0.5198  0.8269  0.5732  0.2468  0.4197  0.5614  0.4454  0.6261  0.6361  0.3271  0.5560  0.6701  0.1725  0.000359
epoch:12 0.5215  0.8274  0.5731  0.2472  0.4152  0.5645  0.4465  0.6297  0.6396  0.3420  0.5490  0.6760  0.1708  0.000119
epoch:13 0.5196  0.8246  0.5769  0.2461  0.4168  0.5626  0.4463  0.6277  0.6373  0.3322  0.5658  0.6718  0.1709  0.000119
epoch:14 0.5194  0.8228  0.5788  0.2464  0.4160  0.5622  0.4463  0.6258  0.6358  0.3294  0.5516  0.6720  0.1700  0.000119
